********************************NEW SET OF WEIGHTS**********************************************

************* weights layer 1 ****************

weigthts 4 x 5
-0.172411 0.855796 0.50487 0.966062 -0.787803 
-0.348239 -0.975681 -0.674123 -1.02335 0.459974 
1.13758 -0.671584 -1.13152 -0.473169 0.60252 
0.0143133 -0.658744 0.474282 0.0805647 0.2821 

bias layer 1 size: 5
-0.172411 0.855796 0.50487 0.966062 -0.787803 

z input layer 1 size: 5
0 0 0 0 0 

h output layer 1 size: 5
0 0 0 0 0 

dE_dx layer 1 size: 5
0 0 0 0 0 

dE_db layer 1 size: 5
0 0 0 0 0 

dE_dw layer 1 size: 4 x 5
0 0 0 0 0 
0 0 0 0 0 
0 0 0 0 0 
0 0 0 0 0 

************* weights layer 2 ****************

weigthts 5 x 3
0.889534 -0.129216 0.705581 
-1.56428 -0.37402 -0.327126 
-0.0860741 0.381005 0.020714 
0.655904 -0.232059 0.0740191 
-0.0845426 -0.937647 0.201616 

bias layer 2 size: 3
-0.311475 -0.872676 -0.602954 

z input layer 2 size: 3
0 0 0 

dE_db layer 2 size: 3
0 0 0 

dE_dw layer 2 size: 5 x 3
0 0 0 
0 0 0 
0 0 0 
0 0 0 
0 0 0 

y output layer 2 size: 3
0 0 0 
********************************NEW SET OF WEIGHTS**********************************************

************* weights layer 1 ****************

weigthts 4 x 5
-0.172411 0.855796 0.50487 0.966062 -0.787803 
-0.348239 -0.975681 -0.674123 -1.02335 0.459974 
1.13758 -0.671584 -1.13152 -0.473169 0.60252 
0.0143133 -0.658744 0.474282 0.0805647 0.2821 

bias layer 1 size: 5
-0.172411 0.855796 0.50487 0.966062 -0.787803 

z input layer 1 size: 5
0.505112 0.623186 -0.0784627 1.17237 -0.817642 

h output layer 1 size: 5
0.505112 0.623186 0 1.17237 0 

dE_dx layer 1 size: 5
0.17069 -0.0791364 0.005011 0.0179063 0.0487738 

dE_db layer 1 size: 5
0.17069 -0.0791364 0 0.0179063 0 

dE_dw layer 1 size: 4 x 5
0.166313 -0.0771073 0 0.0174471 0 
0.059085 -0.0273934 0 0.00619833 0 
0.14443 -0.0669616 0 0.0151515 0 
0.0415784 -0.0192768 0 0.00436179 0 

************* weights layer 2 ****************

weigthts 5 x 3
0.889534 -0.129216 0.705581 
-1.56428 -0.37402 -0.327126 
-0.0860741 0.381005 0.020714 
0.655904 -0.232059 0.0740191 
-0.0845426 -0.937647 0.201616 

bias layer 2 size: 3
-0.311475 -0.872676 -0.602954 

z input layer 2 size: 3
-0.0680381 -1.44309 -0.363639 

dE_db layer 2 size: 3
0 0 0.241914 

dE_dw layer 2 size: 5 x 3
0 0 0.122194 
0 0 0.150758 
0 0 0 
0 0 0.283613 
0 0 0 

y output layer 2 size: 3
0.482997 0.191068 0.410079 
